<?xml version="1.0"?>
<opencv_storage>
<M type_id="opencv-matrix">
  <rows>3</rows>
  <cols>3</cols>
  <dt>f</dt>
  <data>
    7.29575195e+02 0. 6.49034302e+02 0. 8.19848328e+02 4.76053406e+02 0.
    0. 1.</data></M>
</opencv_storage>
