<?xml version="1.0"?>
<opencv_storage>
<R type_id="opencv-matrix">
  <rows>3</rows>
  <cols>3</cols>
  <dt>d</dt>
  <data>
    -8.9524549041413470e-01 0. -4.4557323965107554e-01 0.
    -9.9999999999999978e-01 0. -4.4557323965107554e-01 0.
    8.9524549041413470e-01</data></R>
<T type_id="opencv-matrix">
  <rows>3</rows>
  <cols>1</cols>
  <dt>d</dt>
  <data>
    2.9972640866050893e-02 7.4999999999999978e-01 1.7127759972393464e+00</data></T>
</opencv_storage>
