<?xml version="1.0"?>
<opencv_storage>
<R type_id="opencv-matrix">
  <rows>3</rows>
  <cols>3</cols>
  <dt>d</dt>
  <data>
    -8.1932550941111393e-01 0. 5.7332862271843588e-01 0.
    -9.9999999999999989e-01 0. 5.7332862271843588e-01 0.
    8.1932550941111393e-01</data></R>
<T type_id="opencv-matrix">
  <rows>3</rows>
  <cols>1</cols>
  <dt>d</dt>
  <data>
    3.1660829668464396e-02 7.4999999999999989e-01 1.7720038642343678e+00</data></T>
</opencv_storage>
