<?xml version="1.0"?>
<opencv_storage>
<R type_id="opencv-matrix">
  <rows>3</rows>
  <cols>3</cols>
  <dt>d</dt>
  <data>
    0. 0. 9.9999999999999978e-01 0. -9.9999999999999978e-01 0.
    9.9999999999999978e-01 0. 0.</data></R>
<T type_id="opencv-matrix">
  <rows>3</rows>
  <cols>1</cols>
  <dt>d</dt>
  <data>
    0. 7.4999999999999978e-01 1.7100000381469722e+00</data></T>
</opencv_storage>
