<?xml version="1.0"?>
<opencv_storage>
<R type_id="opencv-matrix">
  <rows>3</rows>
  <cols>3</cols>
  <dt>d</dt>
  <data>
    9.0055048635077450e-01 0. -4.3475144799457932e-01 0. -1. 0.
    -4.3475144799457932e-01 0. -9.0055048635077450e-01</data></R>
<T type_id="opencv-matrix">
  <rows>3</rows>
  <cols>1</cols>
  <dt>d</dt>
  <data>
    8.1365134501123260e-02 7.5000000000000000e-01 1.8706629379503898e+00</data></T>
</opencv_storage>
