<?xml version="1.0"?>
<opencv_storage>
<R type_id="opencv-matrix">
  <rows>3</rows>
  <cols>3</cols>
  <dt>d</dt>
  <data>
    2.1500055824145159e-02 0. -9.9976884708394398e-01 0. -1. 0.
    -9.9976884708394398e-01 0. -2.1500055824145159e-02</data></R>
<T type_id="opencv-matrix">
  <rows>3</rows>
  <cols>1</cols>
  <dt>d</dt>
  <data>
    1.2083290923031202e-01 7.5000000000000000e-01 1.8230193629877141e+00</data></T>
</opencv_storage>
